T= 0
  X= 0.04 0.04 0.05 0 0.706825 0 0.707388
  V= 0 0 -0.09 0 0 0
T= 0.01
  X= 0.04 0.04 0.05 0 0.706825 0 0.707388
  V= 0 0 -0.09 0 0 0
T= 0.02
  X= 0.04 0.04 0.0491 0 0.706825 0 0.707388
  V= 0 0 -0.09 0 0 0
T= 0.03
  X= 0.04 0.04 0.0482 0 0.706825 0 0.707388
  V= 0 0 -0.09 0 0 0
T= 0.04
  X= 0.04 0.04 0.0473 0 0.706825 0 0.707388
  V= 0 0 -0.09 0 0 0
T= 0.05
  X= 0.04 0.04 0.0464 0 0.706825 0 0.707388
  V= 0 0 -0.09 0 0 0
T= 0.06
  X= 0.04 0.04 0.0455 0 0.706825 0 0.707388
  V= 0 0 -0.09 0 0 0
T= 0.07
  X= 0.04 0.04 0.0446 0 0.706825 0 0.707388
  V= 0 0 -0.09 0 0 0
T= 0.08
  X= 0.04 0.04 0.0437 0 0.706825 0 0.707388
  V= 0 0 -0.09 0 0 0
T= 0.09
  X= 0.04 0.04 0.0428 0 0.706825 0 0.707388
  V= 0 0 -0.09 0 0 0
T= 0.1
  X= 0.04 0.04 0.0419 0 0.706825 0 0.707388
  V= 0 0 -0.09 0 0 0
T= 0.11
  X= 0.04 0.04 0.041 0 0.706825 0 0.707388
  V= 0 0 -0.09 0 0 0
T= 0.12
  X= 0.04 0.04 0.0401 0 0.706825 0 0.707388
  V= 0 0 -0.09 0 0 0
T= 0.13
  X= 0.04 0.04 0.0392 0 0.706825 0 0.707388
  V= 0 0 -0.09 0 0 0
T= 0.14
  X= 0.04 0.04 0.0383 0 0.706825 0 0.707388
  V= 0 0 -0.09 0 0 0
T= 0.15
  X= 0.04 0.04 0.0374 0 0.706825 0 0.707388
  V= 0 0 -0.09 0 0 0
T= 0.16
  X= 0.04 0.04 0.0365 0 0.706825 0 0.707388
  V= 0 0 -0.09 0 0 0
T= 0.17
  X= 0.04 0.04 0.0356 0 0.706825 0 0.707388
  V= 0 0 -0.09 0 0 0
T= 0.18
  X= 0.04 0.04 0.0347 0 0.706825 0 0.707388
  V= 0 0 -0.09 0 0 0
T= 0.19
  X= 0.04 0.04 0.0338 0 0.706825 0 0.707388
  V= 0 0 -0.09 0 0 0
T= 0.2
  X= 0.04 0.04 0.0329 0 0.706825 0 0.707388
  V= 0 0 -0.09 0 0 0
T= 0.21
  X= 0.04 0.04 0.032 0 0.706825 0 0.707388
  V= 0 0 -0.09 0 0 0
T= 0.22
  X= 0.04 0.04 0.0311 0 0.706825 0 0.707388
  V= 0 0 -0.09 0 0 0
T= 0.23
  X= 0.04 0.04 0.0302 0 0.706825 0 0.707388
  V= 0 0 -0.09 0 0 0
T= 0.24
  X= 0.04 0.04 0.0293 0 0.706825 0 0.707388
  V= 0 0 -0.09 0 0 0
T= 0.25
  X= 0.04 0.04 0.0284 0 0.706825 0 0.707388
  V= 0 0 -0.09 0 0 0
T= 0.26
  X= 0.04 0.04 0.0275 0 0.706825 0 0.707388
  V= 0 0 -0.09 0 0 0
T= 0.27
  X= 0.04 0.04 0.0266 0 0.706825 0 0.707388
  V= 0 0 -0.09 0 0 0
T= 0.28
  X= 0.04 0.04 0.0257 0 0.706825 0 0.707388
  V= 0 0 -0.09 0 0 0
T= 0.29
  X= 0.04 0.04 0.0248 0 0.706825 0 0.707388
  V= 0 0 -0.09 0 0 0
T= 0.3
  X= 0.04 0.04 0.0239 0 0.706825 0 0.707388
  V= 0 0 -0.09 0 0 0
T= 0.31
  X= 0.04 0.04 0.023 0 0.706825 0 0.707388
  V= 0 0 -0.09 0 0 0
T= 0.32
  X= 0.04 0.04 0.0221 0 0.706825 0 0.707388
  V= 0 0 -0.09 0 0 0
T= 0.33
  X= 0.04 0.04 0.0212 0 0.706825 0 0.707388
  V= 0 0 -0.09 0 0 0
T= 0.34
  X= 0.04 0.04 0.0203 0 0.706825 0 0.707388
  V= 0 0 -0.09 0 0 0
T= 0.35
  X= 0.04 0.04 0.0194 0 0.706825 0 0.707388
  V= 0 0 -0.09 0 0 0
T= 0.36
  X= 0.04 0.04 0.0185 0 0.706825 0 0.707388
  V= 0 0 -0.09 0 0 0
T= 0.37
  X= 0.04 0.04 0.0176 0 0.706825 0 0.707388
  V= 0 0 -0.09 0 0 0
T= 0.38
  X= 0.04 0.04 0.0167 0 0.706825 0 0.707388
  V= 0 0 -0.09 0 0 0
T= 0.39
  X= 0.04 0.04 0.0158 0 0.706825 0 0.707388
  V= 0 0 -0.09 0 0 0
T= 0.4
  X= 0.04 0.04 0.0149 0 0.706825 0 0.707388
  V= 0 0 -0.09 0 0 0
T= 0.41
  X= 0.04 0.04 0.014 0 0.706825 0 0.707388
  V= 0 0 -0.09 0 0 0
T= 0.42
  X= 0.04 0.04 0.0131 0 0.706825 0 0.707388
  V= 0 0 -0.09 0 0 0
T= 0.43
  X= 0.04 0.04 0.0122 0 0.706825 0 0.707388
  V= 0 0 -0.09 0 0 0
T= 0.44
  X= 0.04 0.04 0.0113 0 0.706825 0 0.707388
  V= 0 0 -0.09 0 0 0
T= 0.45
  X= 0.04 0.04 0.0104 0 0.706825 0 0.707388
  V= 0 0 -0.09 0 0 0
T= 0.46
  X= 0.04 0.04 0.0095 0 0.706825 0 0.707388
  V= 0 0 -0.09 0 0 0
T= 0.47
  X= 0.04 0.04 0.0086 0 0.706825 0 0.707388
  V= 0 0 -0.09 0 0 0
T= 0.48
  X= 0.04 0.04 0.0077 0 0.706825 0 0.707388
  V= 0 0 -0.09 0 0 0
T= 0.49
  X= 0.04 0.04 0.0068 0 0.706825 0 0.707388
  V= 0 0 -0.09 0 0 0
T= 0.5
  X= 0.04 0.04 0.0059 0 0.706825 0 0.707388
  V= 0 0 -0.09 0 0 0
T= 0.51
  X= 0.04 0.04 0.005 0 0.706825 0 0.707388
  V= 0 0 -0.09 0 0 0
T= 0.52
  X= 0.04 0.04 0.0041 0 0.706825 0 0.707388
  V= 0 0 -0.09 0 0 0
T= 0.53
  X= 0.04 0.04 0.0032 0 0.706825 0 0.707388
  V= 0 0 -0.09 0 0 0
T= 0.54
  X= 0.04 0.04 0.0023 0 0.706825 0 0.707388
  V= 0 0 -0.09 0 0 0
T= 0.55
  X= 0.04 0.04 0.0014 0 0.706825 0 0.707388
  V= 0 0 -0.09 0 0 0
T= 0.56
  X= 0.04 0.04 0.0005 0 0.706825 0 0.707388
  V= 0 0 -0.09 0 0 0
T= 0.57
  X= 0.04 0.04 -0.0004 0 0.706825 0 0.707388
  V= 0 0 -0.09 0 0 0
T= 0.58
  X= 0.04 0.04 -0.0013 0 0.706825 0 0.707388
  V= 0 0 -0.09 0 0 0
T= 0.59
  X= 0.04 0.04 -0.0022 0 0.706825 0 0.707388
  V= 0 0 -0.09 0 0 0
T= 0.6
  X= 0.04 0.04 -0.0031 0 0.706825 0 0.707388
  V= 0 0 -0.09 0 0 0
T= 0.61
  X= 0.04 0.04 -0.004 0 0.706825 0 0.707388
  V= 0 0 -0.09 0 0 0
T= 0.62
  X= 0.04 0.04 -0.0049 0 0.706825 0 0.707388
  V= 0 0 -0.09 0 0 0
T= 0.63
  X= 0.04 0.04 -0.0058 0 0.706825 0 0.707388
  V= 0 0 -0.09 0 0 0
T= 0.64
  X= 0.04 0.04 -0.0067 0 0.706825 0 0.707388
  V= 0 0 -0.09 0 0 0
T= 0.65
  X= 0.04 0.04 -0.0076 0 0.706825 0 0.707388
  V= 0 0 -0.09 0 0 0
T= 0.66
  X= 0.04 0.04 -0.0085 0 0.706825 0 0.707388
  V= 0 0 -0.09 0 0 0
T= 0.67
  X= 0.04 0.04 -0.0094 0 0.706825 0 0.707388
  V= 0 0 -0.09 0 0 0
T= 0.68
  X= 0.04 0.04 -0.0103 0 0.706825 0 0.707388
  V= 0 0 -0.09 0 0 0
T= 0.69
  X= 0.04 0.04 -0.0112 0 0.706825 0 0.707388
  V= 0 0 -0.09 0 0 0
T= 0.7
  X= 0.04 0.04 -0.0121 0 0.706825 0 0.707388
  V= 0 0 -0.09 0 0 0
T= 0.71
  X= 0.04 0.04 -0.013 0 0.706825 0 0.707388
  V= 0 0 -0.09 0 0 0
T= 0.72
  X= 0.04 0.04 -0.0139 0 0.706825 0 0.707388
  V= 0 0 -0.09 0 0 0
T= 0.73
  X= 0.04 0.04 -0.0148 0 0.706825 0 0.707388
  V= 0 0 -0.09 0 0 0
T= 0.74
  X= 0.04 0.04 -0.0157 0 0.706825 0 0.707388
  V= 0 0 -0.09 0 0 0
T= 0.75
  X= 0.04 0.04 -0.0166 0 0.706825 0 0.707388
  V= 0 0 -0.09 0 0 0
T= 0.76
  X= 0.04 0.04 -0.0175 0 0.706825 0 0.707388
  V= 0 0 -0.09 0 0 0
T= 0.77
  X= 0.04 0.04 -0.0184 0 0.706825 0 0.707388
  V= 0 0 -0.09 0 0 0
T= 0.78
  X= 0.04 0.04 -0.0193 0 0.706825 0 0.707388
  V= 0 0 -0.09 0 0 0
T= 0.79
  X= 0.04 0.04 -0.0202 0 0.706825 0 0.707388
  V= 0 0 -0.09 0 0 0
T= 0.8
  X= 0.04 0.04 -0.0211 0 0.706825 0 0.707388
  V= 0 0 -0.09 0 0 0
T= 0.81
  X= 0.04 0.04 -0.022 0 0.706825 0 0.707388
  V= 0 0 -0.09 0 0 0
T= 0.82
  X= 0.04 0.04 -0.0229 0 0.706825 0 0.707388
  V= 0 0 -0.09 0 0 0
T= 0.83
  X= 0.04 0.04 -0.0238 0 0.706825 0 0.707388
  V= 0 0 -0.09 0 0 0
T= 0.84
  X= 0.04 0.04 -0.0247 0 0.706825 0 0.707388
  V= 0 0 -0.09 0 0 0
T= 0.85
  X= 0.04 0.04 -0.0256 0 0.706825 0 0.707388
  V= 0 0 -0.09 0 0 0
T= 0.86
  X= 0.04 0.04 -0.0265 0 0.706825 0 0.707388
  V= 0 0 -0.09 0 0 0
T= 0.87
  X= 0.04 0.04 -0.0274 0 0.706825 0 0.707388
  V= 0 0 -0.09 0 0 0
T= 0.88
  X= 0.04 0.04 -0.0283 0 0.706825 0 0.707388
  V= 0 0 -0.09 0 0 0
T= 0.89
  X= 0.04 0.04 -0.0292 0 0.706825 0 0.707388
  V= 0 0 -0.09 0 0 0
T= 0.9
  X= 0.04 0.04 -0.0301 0 0.706825 0 0.707388
  V= 0 0 -0.09 0 0 0
T= 0.91
  X= 0.04 0.04 -0.031 0 0.706825 0 0.707388
  V= 0 0 -0.09 0 0 0
T= 0.92
  X= 0.04 0.04 -0.0319 0 0.706825 0 0.707388
  V= 0 0 -0.09 0 0 0
T= 0.93
  X= 0.04 0.04 -0.0328 0 0.706825 0 0.707388
  V= 0 0 -0.09 0 0 0
T= 0.94
  X= 0.04 0.04 -0.0337 0 0.706825 0 0.707388
  V= 0 0 -0.09 0 0 0
T= 0.95
  X= 0.04 0.04 -0.0346 0 0.706825 0 0.707388
  V= 0 0 -0.09 0 0 0
T= 0.96
  X= 0.04 0.04 -0.0355 0 0.706825 0 0.707388
  V= 0 0 -0.09 0 0 0
T= 0.97
  X= 0.04 0.04 -0.0364 0 0.706825 0 0.707388
  V= 0 0 -0.09 0 0 0
T= 0.98
  X= 0.04 0.04 -0.0373 0 0.706825 0 0.707388
  V= 0 0 -0.09 0 0 0
T= 0.99
  X= 0.04 0.04 -0.0382 0 0.706825 0 0.707388
  V= 0 0 -0.09 0 0 0
T= 1
  X= 0.04 0.04 -0.0391 0 0.706825 0 0.707388
  V= 0 0 -0.09 0 0 0
T= 1.01
  X= 0.04 0.04 -0.04 0 0.706825 0 0.707388
  V= 0.02 0 0 0 0.3925 0
T= 1.02
  X= 0.0402 0.04 -0.04 0 0.708212 0 0.706
  V= 0.02 0 0 0 0.3925 0
T= 1.03
  X= 0.0404 0.04 -0.04 0 0.709596 0 0.704609
  V= 0.02 0 0 0 0.3925 0
T= 1.04
  X= 0.0406 0.04 -0.04 0 0.710978 0 0.703215
  V= 0.02 0 0 0 0.3925 0
T= 1.05
  X= 0.0408 0.04 -0.04 0 0.712356 0 0.701818
  V= 0.02 0 0 0 0.3925 0
T= 1.06
  X= 0.041 0.04 -0.04 0 0.713732 0 0.700419
  V= 0.02 0 0 0 0.3925 0
T= 1.07
  X= 0.0412 0.04 -0.04 0 0.715105 0 0.699017
  V= 0.02 0 0 0 0.3925 0
T= 1.08
  X= 0.0414 0.04 -0.04 0 0.716476 0 0.697612
  V= 0.02 0 0 0 0.3925 0
T= 1.09
  X= 0.0416 0.04 -0.04 0 0.717844 0 0.696204
  V= 0.02 0 0 0 0.3925 0
T= 1.1
  X= 0.0418 0.04 -0.04 0 0.719209 0 0.694794
  V= 0.02 0 0 0 0.3925 0
T= 1.11
  X= 0.042 0.04 -0.04 0 0.720571 0 0.693381
  V= 0.02 0 0 0 0.3925 0
T= 1.12
  X= 0.0422 0.04 -0.04 0 0.72193 0 0.691966
  V= 0.02 0 0 0 0.3925 0
T= 1.13
  X= 0.0424 0.04 -0.04 0 0.723287 0 0.690548
  V= 0.02 0 0 0 0.3925 0
T= 1.14
  X= 0.0426 0.04 -0.04 0 0.72464 0 0.689127
  V= 0.02 0 0 0 0.3925 0
T= 1.15
  X= 0.0428 0.04 -0.04 0 0.725991 0 0.687704
  V= 0.02 0 0 0 0.3925 0
T= 1.16
  X= 0.043 0.04 -0.04 0 0.72734 0 0.686278
  V= 0.02 0 0 0 0.3925 0
T= 1.17
  X= 0.0432 0.04 -0.04 0 0.728685 0 0.684849
  V= 0.02 0 0 0 0.3925 0
T= 1.18
  X= 0.0434 0.04 -0.04 0 0.730028 0 0.683418
  V= 0.02 0 0 0 0.3925 0
T= 1.19
  X= 0.0436 0.04 -0.04 0 0.731368 0 0.681984
  V= 0.02 0 0 0 0.3925 0
T= 1.2
  X= 0.0438 0.04 -0.04 0 0.732704 0 0.680547
  V= 0.02 0 0 0 0.3925 0
T= 1.21
  X= 0.044 0.04 -0.04 0 0.734039 0 0.679108
  V= 0.02 0 0 0 0.3925 0
T= 1.22
  X= 0.0442 0.04 -0.04 0 0.73537 0 0.677666
  V= 0.02 0 0 0 0.3925 0
T= 1.23
  X= 0.0444 0.04 -0.04 0 0.736698 0 0.676221
  V= 0.02 0 0 0 0.3925 0
T= 1.24
  X= 0.0446 0.04 -0.04 0 0.738024 0 0.674774
  V= 0.02 0 0 0 0.3925 0
T= 1.25
  X= 0.0448 0.04 -0.04 0 0.739347 0 0.673325
  V= 0.02 0 0 0 0.3925 0
T= 1.26
  X= 0.045 0.04 -0.04 0 0.740667 0 0.671872
  V= 0.02 0 0 0 0.3925 0
T= 1.27
  X= 0.0452 0.04 -0.04 0 0.741984 0 0.670418
  V= 0.02 0 0 0 0.3925 0
T= 1.28
  X= 0.0454 0.04 -0.04 0 0.743298 0 0.66896
  V= 0.02 0 0 0 0.3925 0
T= 1.29
  X= 0.0456 0.04 -0.04 0 0.74461 0 0.6675
  V= 0.02 0 0 0 0.3925 0
T= 1.3
  X= 0.0458 0.04 -0.04 0 0.745918 0 0.666037
  V= 0.02 0 0 0 0.3925 0
T= 1.31
  X= 0.046 0.04 -0.04 0 0.747224 0 0.664572
  V= 0.02 0 0 0 0.3925 0
T= 1.32
  X= 0.0462 0.04 -0.04 0 0.748527 0 0.663105
  V= 0.02 0 0 0 0.3925 0
T= 1.33
  X= 0.0464 0.04 -0.04 0 0.749827 0 0.661634
  V= 0.02 0 0 0 0.3925 0
T= 1.34
  X= 0.0466 0.04 -0.04 0 0.751124 0 0.660162
  V= 0.02 0 0 0 0.3925 0
T= 1.35
  X= 0.0468 0.04 -0.04 0 0.752418 0 0.658686
  V= 0.02 0 0 0 0.3925 0
T= 1.36
  X= 0.047 0.04 -0.04 0 0.753709 0 0.657208
  V= 0.02 0 0 0 0.3925 0
T= 1.37
  X= 0.0472 0.04 -0.04 0 0.754997 0 0.655728
  V= 0.02 0 0 0 0.3925 0
T= 1.38
  X= 0.0474 0.04 -0.04 0 0.756283 0 0.654245
  V= 0.02 0 0 0 0.3925 0
T= 1.39
  X= 0.0476 0.04 -0.04 0 0.757565 0 0.652759
  V= 0.02 0 0 0 0.3925 0
T= 1.4
  X= 0.0478 0.04 -0.04 0 0.758845 0 0.651272
  V= 0.02 0 0 0 0.3925 0
T= 1.41
  X= 0.048 0.04 -0.04 0 0.760121 0 0.649781
  V= 0.02 0 0 0 0.3925 0
T= 1.42
  X= 0.0482 0.04 -0.04 0 0.761395 0 0.648288
  V= 0.02 0 0 0 0.3925 0
T= 1.43
  X= 0.0484 0.04 -0.04 0 0.762666 0 0.646793
  V= 0.02 0 0 0 0.3925 0
T= 1.44
  X= 0.0486 0.04 -0.04 0 0.763934 0 0.645295
  V= 0.02 0 0 0 0.3925 0
T= 1.45
  X= 0.0488 0.04 -0.04 0 0.765199 0 0.643794
  V= 0.02 0 0 0 0.3925 0
T= 1.46
  X= 0.049 0.04 -0.04 0 0.766461 0 0.642291
  V= 0.02 0 0 0 0.3925 0
T= 1.47
  X= 0.0492 0.04 -0.04 0 0.76772 0 0.640786
  V= 0.02 0 0 0 0.3925 0
T= 1.48
  X= 0.0494 0.04 -0.04 0 0.768976 0 0.639278
  V= 0.02 0 0 0 0.3925 0
T= 1.49
  X= 0.0496 0.04 -0.04 0 0.770229 0 0.637768
  V= 0.02 0 0 0 0.3925 0
T= 1.5
  X= 0.0498 0.04 -0.04 0 0.771479 0 0.636255
  V= 0.02 0 0 0 0.3925 0
