T= 0
  X= 0.04 0.04 0 0 0 0 1
  V= 0 0 0.5 0 39.25 0
T= 0.01
  X= 0.04 0.04 0 0 0 0 1
  V= 0 0 0.5 0 39.25 0
T= 0.02
  X= 0.04 0.04 0.005 0 0.194993 0 0.980805
  V= 0 0 0.5 0 39.25 0
T= 0.03
  X= 0.04 0.04 0.01 0 0.382499 0 0.923956
  V= 0 0 0.5 0 39.25 0
T= 0.04
  X= 0.04 0.04 0.015 0 0.555322 0 0.831635
  V= 0 0 0.5 0 39.25 0
T= 0.05
  X= 0.04 0.04 0.02 0 0.706825 0 0.707388
  V= 0 0 -0.428571 0 0 0
T= 0.06
  X= 0.04 0.04 0.0157143 0 0.706825 0 0.707388
  V= 0 0 -0.428571 0 0 0
T= 0.07
  X= 0.04 0.04 0.0114286 0 0.706825 0 0.707388
  V= 0 0 -0.428571 0 0 0
T= 0.08
  X= 0.04 0.04 0.00714286 0 0.706825 0 0.707388
  V= 0 0 -0.428571 0 0 0
T= 0.09
  X= 0.04 0.04 0.00285714 0 0.706825 0 0.707388
  V= 0 0 -0.428571 0 0 0
T= 0.1
  X= 0.04 0.04 -0.00142857 0 0.706825 0 0.707388
  V= 0 0 -0.428571 0 0 0
T= 0.11
  X= 0.04 0.04 -0.00571429 0 0.706825 0 0.707388
  V= 0 0 -0.428571 0 0 0
T= 0.12
  X= 0.04 0.04 -0.01 0 0.706825 0 0.707388
  V= 0 0 -0.428571 0 0 0
T= 0.13
  X= 0.04 0.04 -0.0142857 0 0.706825 0 0.707388
  V= 0 0 -0.428571 0 0 0
T= 0.14
  X= 0.04 0.04 -0.0185714 0 0.706825 0 0.707388
  V= 0 0 -0.428571 0 0 0
T= 0.15
  X= 0.04 0.04 -0.0228571 0 0.706825 0 0.707388
  V= 0 0 -0.428571 0 0 0
T= 0.16
  X= 0.04 0.04 -0.0271429 0 0.706825 0 0.707388
  V= 0 0 -0.428571 0 0 0
T= 0.17
  X= 0.04 0.04 -0.0314286 0 0.706825 0 0.707388
  V= 0 0 -0.428571 0 0 0
T= 0.18
  X= 0.04 0.04 -0.0357143 0 0.706825 0 0.707388
  V= 0 0 -0.428571 0 0 0
T= 0.19
  X= 0.04 0.04 -0.04 0 0.706825 0 0.707388
  V= 0 0 -0.428571 0 0 0
T= 0.2
  X= 0.04 0.04 -0.0442857 0 0.706825 0 0.707388
  V= 0 0 -0.428571 0 0 0
T= 0.21
  X= 0.04 0.04 -0.0485714 0 0.706825 0 0.707388
  V= 0 0 -0.428571 0 0 0
T= 0.22
  X= 0.04 0.04 -0.0528571 0 0.706825 0 0.707388
  V= 0 0 -0.428571 0 0 0
T= 0.23
  X= 0.04 0.04 -0.0571429 0 0.706825 0 0.707388
  V= 0 0 -0.428571 0 0 0
T= 0.24
  X= 0.04 0.04 -0.0614286 0 0.706825 0 0.707388
  V= 0 0 -0.428571 0 0 0
T= 0.25
  X= 0.04 0.04 -0.0657143 0 0.706825 0 0.707388
  V= 0 0 -0.428571 0 0 0
T= 0.26
  X= 0.04 0.04 -0.07 0 0.706825 0 0.707388
  V= 0.2 0 0 0 3.925 0
T= 0.27
  X= 0.042 0.04 -0.07 0 0.720571 0 0.693381
  V= 0.2 0 0 0 3.925 0
T= 0.28
  X= 0.044 0.04 -0.07 0 0.734039 0 0.679108
  V= 0.2 0 0 0 3.925 0
T= 0.29
  X= 0.046 0.04 -0.07 0 0.747224 0 0.664572
  V= 0.2 0 0 0 3.925 0
T= 0.3
  X= 0.048 0.04 -0.07 0 0.760121 0 0.649781
  V= 0.2 0 0 0 3.925 0
T= 0.31
  X= 0.05 0.04 -0.07 0 0.772726 0 0.634739
  V= -0.2 0 0 0 -3.925 0
T= 0.32
  X= 0.048 0.04 -0.07 0 0.760121 0 0.649781
  V= -0.2 0 0 0 -3.925 0
T= 0.33
  X= 0.046 0.04 -0.07 0 0.747224 0 0.664572
  V= -0.2 0 0 0 -3.925 0
T= 0.34
  X= 0.044 0.04 -0.07 0 0.734039 0 0.679108
  V= -0.2 0 0 0 -3.925 0
T= 0.35
  X= 0.042 0.04 -0.07 0 0.720571 0 0.693381
  V= -0.2 0 0 0 -3.925 0
T= 0.36
  X= 0.04 0.04 -0.07 0 0.706825 0 0.707388
  V= 0 0 0.375 0 0 0
T= 0.37
  X= 0.04 0.04 -0.06625 0 0.706825 0 0.707388
  V= 0 0 0.375 0 0 0
T= 0.38
  X= 0.04 0.04 -0.0625 0 0.706825 0 0.707388
  V= 0 0 0.375 0 0 0
T= 0.39
  X= 0.04 0.04 -0.05875 0 0.706825 0 0.707388
  V= 0 0 0.375 0 0 0
T= 0.4
  X= 0.04 0.04 -0.055 0 0.706825 0 0.707388
  V= 0 0 0.375 0 0 0
T= 0.41
  X= 0.04 0.04 -0.05125 0 0.706825 0 0.707388
  V= 0 0 0.375 0 0 0
T= 0.42
  X= 0.04 0.04 -0.0475 0 0.706825 0 0.707388
  V= 0 0 0.375 0 0 0
T= 0.43
  X= 0.04 0.04 -0.04375 0 0.706825 0 0.707388
  V= 0 0 0.375 0 0 0
T= 0.44
  X= 0.04 0.04 -0.04 0 0.706825 0 0.707388
  V= 0 0 0.375 0 0 0
T= 0.45
  X= 0.04 0.04 -0.03625 0 0.706825 0 0.707388
  V= 0 0 0.375 0 0 0
T= 0.46
  X= 0.04 0.04 -0.0325 0 0.706825 0 0.707388
  V= 0 0 0.375 0 0 0
T= 0.47
  X= 0.04 0.04 -0.02875 0 0.706825 0 0.707388
  V= 0 0 0.375 0 0 0
T= 0.48
  X= 0.04 0.04 -0.025 0 0.706825 0 0.707388
  V= 0 0 0.375 0 0 0
T= 0.49
  X= 0.04 0.04 -0.02125 0 0.706825 0 0.707388
  V= 0 0 0.375 0 0 0
T= 0.5
  X= 0.04 0.04 -0.0175 0 0.706825 0 0.707388
  V= 0 0 0.375 0 0 0
T= 0.51
  X= 0.04 0.04 -0.01375 0 0.706825 0 0.707388
  V= 0 0 0.375 0 0 0
T= 0.52
  X= 0.04 0.04 -0.01 0 0.706825 0 0.707388
  V= 0 0 0.375 0 0 0
T= 0.53
  X= 0.04 0.04 -0.00625 0 0.706825 0 0.707388
  V= 0 0 0.375 0 0 0
T= 0.54
  X= 0.04 0.04 -0.0025 0 0.706825 0 0.707388
  V= 0 0 0.375 0 0 0
T= 0.55
  X= 0.04 0.04 0.00125 0 0.706825 0 0.707388
  V= 0 0 0.375 0 0 0
T= 0.56
  X= 0.04 0.04 0.005 0 0.706825 0 0.707388
  V= 0.4 0 0 0 0 0
T= 0.57
  X= 0.044 0.04 0.005 0 0.706825 0 0.707388
  V= 0.4 0 0 0 0 0
T= 0.58
  X= 0.048 0.04 0.005 0 0.706825 0 0.707388
  V= 0.4 0 0 0 0 0
T= 0.59
  X= 0.052 0.04 0.005 0 0.706825 0 0.707388
  V= 0.4 0 0 0 0 0
T= 0.6
  X= 0.056 0.04 0.005 0 0.706825 0 0.707388
  V= 0.4 0 0 0 0 0
T= 0.61
  X= 0.06 0.04 0.005 0 0.706825 0 0.707388
  V= 0 0 0 0 7.85 0
T= 0.62
  X= 0.06 0.04 0.005 0 0.734039 0 0.679108
  V= 0 0 0 0 7.85 0
T= 0.63
  X= 0.06 0.04 0.005 0 0.760121 0 0.649781
  V= 0 0 0 0 7.85 0
T= 0.64
  X= 0.06 0.04 0.005 0 0.785033 0 0.619453
  V= 0 0 0 0 7.85 0
T= 0.65
  X= 0.06 0.04 0.005 0 0.808736 0 0.588172
  V= 0 0 0 0 7.85 0
T= 0.66
  X= 0.06 0.04 0.005 0 0.831193 0 0.555984
  V= -0.14567 0 -0.23095 0 0 0
T= 0.67
  X= 0.0585433 0.04 0.0026905 0 0.831193 0 0.555984
  V= -0.14567 0 -0.23095 0 0 0
T= 0.68
  X= 0.0570866 0.04 0.000381 0 0.831193 0 0.555984
  V= -0.14567 0 -0.23095 0 0 0
T= 0.69
  X= 0.0556299 0.04 -0.0019285 0 0.831193 0 0.555984
  V= -0.14567 0 -0.23095 0 0 0
T= 0.7
  X= 0.0541732 0.04 -0.004238 0 0.831193 0 0.555984
  V= -0.14567 0 -0.23095 0 0 0
T= 0.71
  X= 0.0527165 0.04 -0.0065475 0 0.831193 0 0.555984
  V= -0.14567 0 -0.23095 0 0 0
T= 0.72
  X= 0.0512598 0.04 -0.008857 0 0.831193 0 0.555984
  V= -0.14567 0 -0.23095 0 0 0
T= 0.73
  X= 0.0498031 0.04 -0.0111665 0 0.831193 0 0.555984
  V= -0.14567 0 -0.23095 0 0 0
T= 0.74
  X= 0.0483464 0.04 -0.013476 0 0.831193 0 0.555984
  V= -0.14567 0 -0.23095 0 0 0
T= 0.75
  X= 0.0468897 0.04 -0.0157855 0 0.831193 0 0.555984
  V= -0.14567 0 -0.23095 0 0 0
T= 0.76
  X= 0.045433 0.04 -0.018095 0 0.831193 0 0.555984
  V= -0.14567 0 -0.23095 0 0 0
T= 0.77
  X= 0.0439763 0.04 -0.0204045 0 0.831193 0 0.555984
  V= -0.14567 0 -0.23095 0 0 0
T= 0.78
  X= 0.0425196 0.04 -0.022714 0 0.831193 0 0.555984
  V= -0.14567 0 -0.23095 0 0 0
T= 0.79
  X= 0.0410629 0.04 -0.0250235 0 0.831193 0 0.555984
  V= -0.14567 0 -0.23095 0 0 0
T= 0.8
  X= 0.0396062 0.04 -0.027333 0 0.831193 0 0.555984
  V= -0.14567 0 -0.23095 0 0 0
T= 0.81
  X= 0.0381495 0.04 -0.0296425 0 0.831193 0 0.555984
  V= -0.14567 0 -0.23095 0 0 0
T= 0.82
  X= 0.0366928 0.04 -0.031952 0 0.831193 0 0.555984
  V= -0.14567 0 -0.23095 0 0 0
T= 0.83
  X= 0.0352361 0.04 -0.0342615 0 0.831193 0 0.555984
  V= -0.14567 0 -0.23095 0 0 0
T= 0.84
  X= 0.0337794 0.04 -0.036571 0 0.831193 0 0.555984
  V= -0.14567 0 -0.23095 0 0 0
T= 0.85
  X= 0.0323227 0.04 -0.0388805 0 0.831193 0 0.555984
  V= -0.14567 0 -0.23095 0 0 0
T= 0.86
  X= 0.030866 0.04 -0.04119 0 0.831193 0 0.555984
  V= 0 0 0 0 -3.925 0
T= 0.87
  X= 0.030866 0.04 -0.04119 0 0.820122 0 0.572188
  V= 0 0 0 0 -3.925 0
T= 0.88
  X= 0.030866 0.04 -0.04119 0 0.808736 0 0.588172
  V= 0 0 0 0 -3.925 0
T= 0.89
  X= 0.030866 0.04 -0.04119 0 0.797038 0 0.603929
  V= 0 0 0 0 -3.925 0
T= 0.9
  X= 0.030866 0.04 -0.04119 0 0.785033 0 0.619453
  V= 0 0 0 0 -3.925 0
T= 0.91
  X= 0.030866 0.04 -0.04119 0 0.772726 0 0.634739
  V= 0 0 0 0 -3.925 0
T= 0.92
  X= 0.030866 0.04 -0.04119 0 0.760121 0 0.649781
  V= 0 0 0 0 -3.925 0
T= 0.93
  X= 0.030866 0.04 -0.04119 0 0.747224 0 0.664572
  V= 0 0 0 0 -3.925 0
T= 0.94
  X= 0.030866 0.04 -0.04119 0 0.734039 0 0.679108
  V= 0 0 0 0 -3.925 0
T= 0.95
  X= 0.030866 0.04 -0.04119 0 0.720571 0 0.693381
  V= 0 0 0 0 -3.925 0
T= 0.96
  X= 0.030866 0.04 -0.04119 0 0.706825 0 0.707388
  V= 0 0 0 0 3.925 0
T= 0.97
  X= 0.030866 0.04 -0.04119 0 0.720571 0 0.693381
  V= 0 0 0 0 3.925 0
T= 0.98
  X= 0.030866 0.04 -0.04119 0 0.734039 0 0.679108
  V= 0 0 0 0 3.925 0
T= 0.99
  X= 0.030866 0.04 -0.04119 0 0.747224 0 0.664572
  V= 0 0 0 0 3.925 0
T= 1
  X= 0.030866 0.04 -0.04119 0 0.760121 0 0.649781
  V= 0 0 0 0 3.925 0
T= 1.01
  X= 0.030866 0.04 -0.04119 0 0.772726 0 0.634739
  V= 0 0 0 0 3.925 0
T= 1.02
  X= 0.030866 0.04 -0.04119 0 0.785033 0 0.619453
  V= 0 0 0 0 3.925 0
T= 1.03
  X= 0.030866 0.04 -0.04119 0 0.797038 0 0.603929
  V= 0 0 0 0 3.925 0
T= 1.04
  X= 0.030866 0.04 -0.04119 0 0.808736 0 0.588172
  V= 0 0 0 0 3.925 0
T= 1.05
  X= 0.030866 0.04 -0.04119 0 0.820122 0 0.572188
  V= 0 0 0 0 3.925 0
T= 1.06
  X= 0.030866 0.04 -0.04119 0 0.831193 0 0.555984
  V= 0.29134 0 0.4619 0 0 0
T= 1.07
  X= 0.0337794 0.04 -0.036571 0 0.831193 0 0.555984
  V= 0.29134 0 0.4619 0 0 0
T= 1.08
  X= 0.0366928 0.04 -0.031952 0 0.831193 0 0.555984
  V= 0.29134 0 0.4619 0 0 0
T= 1.09
  X= 0.0396062 0.04 -0.027333 0 0.831193 0 0.555984
  V= 0.29134 0 0.4619 0 0 0
T= 1.1
  X= 0.0425196 0.04 -0.022714 0 0.831193 0 0.555984
  V= 0.29134 0 0.4619 0 0 0
T= 1.11
  X= 0.045433 0.04 -0.018095 0 0.831193 0 0.555984
  V= 0.29134 0 0.4619 0 0 0
T= 1.12
  X= 0.0483464 0.04 -0.013476 0 0.831193 0 0.555984
  V= 0.29134 0 0.4619 0 0 0
T= 1.13
  X= 0.0512598 0.04 -0.008857 0 0.831193 0 0.555984
  V= 0.29134 0 0.4619 0 0 0
T= 1.14
  X= 0.0541732 0.04 -0.004238 0 0.831193 0 0.555984
  V= 0.29134 0 0.4619 0 0 0
T= 1.15
  X= 0.0570866 0.04 0.000381 0 0.831193 0 0.555984
  V= 0.29134 0 0.4619 0 0 0
